-0.681732101298038
-0.15280551649851631
-0.5920386534216494
-0.11418719854408815
-0.7578486538274133
-0.23993535981716033
-0.37336132784613224
1.2219721464838167
-1.9369224262126343
0.3386198170799035
0.8425270053060192
-0.2261086496411811
0.5578208421771641
0.1843632461314767
-0.5840761356146029
-0.2658363442137211
-0.5564282520541939
0.39115317101800373
-0.2480237318351968
-0.33053755439033455
-0.3019213554679667
-0.5381502951062873
-0.7863124739865748
-0.7806787345185393
-0.5397290676324829
0.9273373946158275
-1.5478920065031267
0.3731639458046883
-0.1605349329976066
0.7508168378385531
0.9012003845395871
-0.4410441287875661
0.8704466833090048
0.2997594809274373
-0.1125586446046776
0.49393489802102064
-0.7257835134250078
-0.7904688828587353
-0.4370495030104664
-0.4524472247493439
-0.13406067968395335
-0.22370500987712924
0.03840776478825819
0.6180056232563749
-1.5234005946712184
0.23007469759443755
-0.3442748418240432
-0.1062867098163318
-0.2887747091182958
-0.1213393854509929
-0.32712310826720215
-0.8882615795278719
-0.18100904910469573
-0.9616846267833659
-2.659127181577435
0.17373314362680958
-2.824421897045507
0.5764090686776481
-2.4878528439835135
-1.7635252089539746
