0.007025744537652071
0.6135262962824564
0.2848340629391012
1.2527460287130883
0.9050237273105834
-0.8986122470851787
-0.19326476842632212
-1.2604654316877493
-0.7907104970446523
0.05194178063510277
-0.5430690841233757
-1.0591654548572913
0.49780294483316107
-0.0976235901926014
-0.4637314982644099
1.5485841105203724
-0.11607766262038814
0.001625890796558746
0.3964629242010915
-1.2578697178687959
-0.3162169579379436
-0.1595727154566395
-0.4045977455340168
1.975590237053482
-0.919783636627805
-0.6890480642787951
-0.07631979040989657
0.9456222084104738
0.6446425134055693
-0.720915727230627
0.853625710717155
0.7666466417746279
-0.929166788426205
-0.5064292139014456
-0.5652283717783069
-0.8117450238134744
-0.3339564410036853
-0.4254387342284546
0.9622073758897359
-1.1757236368297994
-0.9156694829003326
-1.169159599880513
-0.7723427366129648
0.34408485540533906
1.0984045612408417
-0.918739124878173
1.361948608564256
-2.0714961671267806
-0.2560056435340051
-0.6634216164974728
0.9882350337722536
-1.559197742707826
-0.9127965324199298
0.29241590044064664
-0.17844770753163428
1.0755728413210766
0.9436438687482366
-0.36854878027076243
-0.7305537588336068
-0.8086912404241635
0.320456584310484
0.10259198747066664
-0.5925951294542199
-1.1201583994036135
0.9542888798302375
-1.0698373304843
-0.3870607318645795
-0.17815222828949503
-1.210852302645286
0.13118392275704505
-0.20817722785623402
1.7451377653525972
1.2591556888366833
-0.3587393638020509
-0.035293350262345376
-1.6765969895705843
0.2714282590418125
-0.8437651174287698
-0.43222821536028166
0.08937270047353478
0.052235082246076474
0.3881201234326541
-0.8755315119383463
-0.49232165822749074
0.014375044136703022
0.4989635026016119
0.9341183559282535
-1.1159712330656557
-0.4032588531725682
0.15628742689101555
0.6283516582499631
0.5755752693830397
-0.21466284198138774
0.18743482117841356
-1.129449822791577
0.7295265797654229
1.0338650479356442
0.3249391951500385
0.46990285377898117
-1.9030899612595589
0.6743024122794302
-1.113983960787435
-0.34991276625747814
0.7421265744169512
-0.590875527271927
1.2734865104996622
0.48635349177553117
0.25222204111522584
-0.7751493209721647
-0.7844668303564144
0.4636283448974201
-2.1204031311334313
-1.3125391932614734
0.8607392471306959
-0.8315765997429412
-0.8765059559277928
-1.066254283898693
1.4380994315663331
-1.64084933848162
-0.7062403186433969
-0.7846275974400043
-0.4794176500885685
0.020540862748870042
0.3539650039899949
-1.2201994307460087
1.5431228384864228
-2.027938922408452
-1.0664003430660012
1.3399344430098084
-1.2957687940984803
1.8556595569063918
0.7211355852637072
0.18150241676867288
-0.5972024081726732
-1.292683109172043
-0.239656257161054
-2.799686557715853
-1.7251298950919234
1.1654245290618812
-1.0464462265531682
-1.066693185671896
-0.28636181030709745
1.8076336382516947
-1.9734065223248016
0.07496043102290266
-0.0767410488175059
-1.044344111567333
0.8188791766795359
0.7995181318954079
-1.843624845525078
