0.8016796517552301
-0.28554217018301475
0.3670024435586147
-2.111028166293586
-0.20721407221473295
1.8492859850916539
1.8271021655326798
2.180797822956566
1.520975748869582
2.168091478626731
0.46743274437592125
0.24027525234657862
-1.8508897337247416
1.0087780070389896
0.16638826812029747
0.01591371010583324
-0.09637426844169308
1.5951154433216361
-0.06831696252728328
0.6012326172046335
-0.18349538236800955
0.29158721758176037
-1.7722136564820672
-0.6680067669815892
-0.05655779585836635
-0.7240131412444897
-0.08800777767014545
-1.3651513299232814
0.6008067807457104
0.4980901763404775
0.10393100853418806
-1.4963592566230155
0.9188571568432213
1.3354146737225123
0.18703066474759583
-0.0024292881029281998
2.0506387111405115
0.2085213324005917
-0.6678036172686922
0.32669839278697027
0.6411203110957261
-1.5286168801914395
-0.7956797844498369
-0.1739313120881816
-0.005576473984162652
-0.28745137739170157
-1.663921746695607
1.0159783189298537
0.8251314856728678
-0.4215105422785025
-1.7475321093438625
1.3052756318535266
0.8763242725793793
0.04469125604665105
-0.4975986422350905
1.5775554371461329
-0.08889723719498459
0.43364341891592306
-0.4037143123425133
0.08429594324884272
-1.3249833578499668
-0.4808298280832672
-0.069230353674404
-0.024188953708590054
-0.121331402804563
-1.2664363393299347
0.9398574808785137
0.6223916462473466
-1.334238134102751
0.2866936469412879
0.7958451041890835
1.1612116777969432
0.29319212586224797
-0.009070153024744891
-0.007681374530880825
0.7225690798791007
0.3982440158398126
-0.40114043365097857
0.9239262891632821
0.486995325870149
-0.6297950129886234
-1.2192742972122323
0.4212994620283165
-0.7638134449708973
0.27463765191627115
0.6462425038313733
0.27378794059831724
-1.5316121883581364
0.45056203768421677
0.4330323566205825
1.2120760215416988
0.9668177371747538
-0.5190986150370059
-1.7787698124639735
0.028629028842184854
0.6735429931036009
0.07261969988139948
0.949039965611446
0.8067198434525439
0.48503138358756653
-0.3106719610700698
0.6198448800241818
0.2985647897367749
0.781780718440456
0.5047868702260604
0.5368788639251908
-1.092058956249473
0.26006806952043343
-0.29899755377374565
-0.8211647405402651
0.4965729215786705
-0.07674359679895759
-1.5864566446522106
-0.4902589588655988
-0.1734847992352749
-0.8211541524970096
1.1060114992355352
-1.0784901603098616
1.2730716311029144
-0.27789674910093554
0.3487808868527734
-0.1119502653928527
1.3231285458410336
-0.6799691004392291
0.5244981064704427
0.38045031464679174
-0.5495823200165061
0.4383712798999903
0.16896292980408692
-0.46092478708791695
-2.212329156453817
0.5359266025262601
0.0110527328330739
-0.3570955399686947
-0.4390659116093726
-1.7912790113417805
1.9527731330906706
-3.4629600227186197
-2.5965166735268514
1.412395817623147
0.790092873378563
-1.8893631069878212
0.8786520975655283
1.2000054348085551
0.5284136236877309
-0.3950770580757529
0.7018835944700897
0.45665154692540405
-0.8696679257242009
0.531919015715028
-1.3980837512265774
-0.19736648719156277
0.5126301589423394
-0.33254371441051345
-0.0961999532960264
-1.9484552302371445
-0.9188543391212755
1.688203577133071
-1.5984778172221457
-1.9012010956233139
1.578888486174911
-0.4934570631696774
-1.6871570136979024
0.8349734620683926
1.193090704291297
0.4199109134737088
-2.859653193825778
0.025147490125409757
1.1516391468368754
0.12665148629185843
0.2312221234797754
-0.5455707976404139
-0.7716336856307235
1.2232060483697842
0.41777116056964253
-0.2134359595774029
-0.4900340995411992
-1.4244969003765922
1.7307750790265988
-1.5309656110033703
-2.0511135125896653
0.5325547316417371
0.46466469296046037
-1.9198879201468984
0.8305193749821872
0.4509711182033302
0.9615968909724939
-0.5043605411311534
0.1905590889309925
0.6000062667226674
0.0840756509824225
-0.3326569413975905
-0.9658672905851998
-0.7734508430571814
0.22251368798026336
1.0148920300856061
0.7083138208584588
-2.1679092567307716
-1.2709025757563233
0.7548617136502914
-3.1024266453809863
-0.12017459957914549
0.4882272537708961
-0.12468735046252345
-0.250530333170098
-0.13001030790961804
0.9890963351212805
-0.8218598835104836
-1.091690955070642
0.8047405640126842
0.8975523248545189
-0.45076548677547557
-1.6717034523635899
-2.2501224225589125
0.6149402445782214
1.6188974087287131
-2.180297625918127
0.6284989361958947
-2.3036097847690256
1.8095342209568284
-0.017718583645014364
0.35558972745015355
-0.45858176245197874
0.9442897492504051
0.17679066742755253
x
0.0008479570976328453
